
Iterations = 40001:1e+05
Thinning interval = 1 
Number of chains = 1 
Sample size per chain = 60000 

1. Empirical mean and standard deviation for each variable,
   plus standard error of the mean:

               Mean      SD  Naive SE Time-series SE
eta[1,1]   0.169169  0.2355 0.0009614       0.001724
eta[2,1]   0.045623  0.2388 0.0009749       0.001654
eta[3,1]  -0.042629  0.2474 0.0010101       0.001635
eta[4,1]  -0.201945  0.2287 0.0009336       0.001758
eta[5,1]  -0.102071  0.2470 0.0010083       0.001793
eta[1,2]   0.032363  0.2303 0.0009402       0.001647
eta[2,2]  -0.100184  0.2472 0.0010091       0.001869
eta[3,2]   0.013408  0.2498 0.0010196       0.001662
eta[4,2]  -0.073446  0.2357 0.0009621       0.001815
eta[5,2]   0.142762  0.2436 0.0009944       0.001702
eta[1,3]   0.079257  0.2308 0.0009421       0.001669
eta[2,3]   0.092301  0.2379 0.0009714       0.001627
eta[3,3]  -0.364427  0.2808 0.0011462       0.002266
eta[4,3]  -0.333260  0.2328 0.0009503       0.001742
eta[5,3]   0.043995  0.2423 0.0009891       0.001677
eta[1,4]  -0.099011  0.2374 0.0009691       0.001810
eta[2,4]  -0.003397  0.2397 0.0009784       0.001681
eta[3,4]   0.064108  0.2521 0.0010294       0.001715
eta[4,4]  -0.288381  0.2320 0.0009469       0.001705
eta[5,4]  -0.201061  0.2628 0.0010730       0.002093
eta[1,5]   0.036691  0.2306 0.0009415       0.001671
eta[2,5]   0.092999  0.2375 0.0009697       0.001682
eta[3,5]   0.119136  0.2589 0.0010570       0.001827
eta[4,5]  -0.202164  0.2284 0.0009324       0.001669
eta[5,5]   0.240363  0.2490 0.0010164       0.001832
eta[1,6]  -0.054732  0.2345 0.0009572       0.001712
eta[2,6]   0.089927  0.2386 0.0009739       0.001663
eta[3,6]  -0.096886  0.2486 0.0010148       0.001644
eta[4,6]  -0.246195  0.2292 0.0009356       0.001704
eta[5,6]   0.094132  0.2400 0.0009799       0.001610
eta[1,7]  -0.007564  0.2328 0.0009503       0.001666
eta[2,7]   0.189584  0.2451 0.0010006       0.001765
eta[3,7]  -0.150077  0.2497 0.0010194       0.001655
eta[4,7]  -0.331453  0.2331 0.0009514       0.001702
eta[5,7]   0.144113  0.2406 0.0009824       0.001632
eta[1,8]   0.079599  0.2307 0.0009417       0.001626
eta[2,8]  -0.050611  0.2432 0.0009930       0.001769
eta[3,8]   0.116377  0.2593 0.0010584       0.001817
eta[4,8]  -0.201143  0.2307 0.0009418       0.001731
eta[5,8]   0.042153  0.2406 0.0009823       0.001636
eta[1,9]   0.125435  0.2342 0.0009563       0.001729
eta[2,9]  -0.003886  0.2394 0.0009772       0.001726
eta[3,9]  -0.310690  0.2686 0.0010964       0.002065
eta[4,9]  -0.201441  0.2292 0.0009356       0.001647
eta[5,9]   0.141957  0.2420 0.0009879       0.001650
eta[1,10]  0.166509  0.2359 0.0009632       0.001723
eta[2,10]  0.336074  0.2642 0.0010788       0.002060
eta[3,10] -0.041401  0.2500 0.0010205       0.001650
eta[4,10] -0.242185  0.2293 0.0009361       0.001649
eta[5,10]  0.139566  0.2409 0.0009835       0.001661
mu[1]      0.053207  0.1457 0.0005948       0.001506
mu[2]      0.068551  0.1495 0.0006105       0.001459
mu[3]     -0.068933  0.1569 0.0006404       0.001412
mu[4]     -0.232134  0.1446 0.0005902       0.001531
mu[5]      0.068733  0.1513 0.0006177       0.001448
tau[1]    19.488152 12.0457 0.0491762       0.094392
tau[2]    17.407766 11.5051 0.0469694       0.096563
tau[3]    14.846790 10.3935 0.0424314       0.094396
tau[4]    20.214255 12.2466 0.0499964       0.095866
tau[5]    16.912234 11.1410 0.0454830       0.094562

2. Quantiles for each variable:

             2.5%       25%        50%      75%    97.5%
eta[1,1]  -0.2780  0.012846  0.1622457  0.31938  0.65569
eta[2,1]  -0.4281 -0.112647  0.0464580  0.20336  0.51703
eta[3,1]  -0.5265 -0.204853 -0.0451427  0.11709  0.45012
eta[4,1]  -0.6526 -0.351433 -0.2024069 -0.05123  0.25056
eta[5,1]  -0.6185 -0.258030 -0.0922494  0.06531  0.35660
eta[1,2]  -0.4218 -0.119624  0.0328904  0.18290  0.48765
eta[2,2]  -0.6196 -0.255784 -0.0899600  0.06776  0.35877
eta[3,2]  -0.4663 -0.152727  0.0088292  0.17462  0.52086
eta[4,2]  -0.5135 -0.235204 -0.0820224  0.07694  0.42064
eta[5,2]  -0.3259 -0.019801  0.1375851  0.29997  0.63762
eta[1,3]  -0.3734 -0.073143  0.0767962  0.23014  0.53987
eta[2,3]  -0.3730 -0.064617  0.0903257  0.24767  0.56585
eta[3,3]  -0.9709 -0.537323 -0.3442112 -0.17020  0.13229
eta[4,3]  -0.8110 -0.483097 -0.3262469 -0.17604  0.10457
eta[5,3]  -0.4384 -0.113078  0.0447332  0.20330  0.51841
eta[1,4]  -0.5907 -0.251587 -0.0902213  0.06073  0.34729
eta[2,4]  -0.4879 -0.159510  0.0001312  0.15673  0.45855
eta[3,4]  -0.4135 -0.105641  0.0559918  0.22381  0.58678
eta[4,4]  -0.7589 -0.437369 -0.2843155 -0.13410  0.15693
eta[5,4]  -0.7632 -0.366349 -0.1840077 -0.02081  0.27279
eta[1,5]  -0.4236 -0.113130  0.0373731  0.18885  0.48664
eta[2,5]  -0.3734 -0.061940  0.0918734  0.24783  0.56922
eta[3,5]  -0.3618 -0.057440  0.1082988  0.28327  0.65853
eta[4,5]  -0.6534 -0.351831 -0.2020101 -0.05337  0.25342
eta[5,5]  -0.2235  0.073499  0.2297641  0.39628  0.76122
eta[1,6]  -0.5352 -0.204704 -0.0480116  0.10211  0.39522
eta[2,6]  -0.3765 -0.066617  0.0876376  0.24454  0.56985
eta[3,6]  -0.5924 -0.257842 -0.0938743  0.06702  0.38714
eta[4,6]  -0.7029 -0.395801 -0.2437371 -0.09500  0.20152
eta[5,6]  -0.3729 -0.064308  0.0913335  0.24882  0.57816
eta[1,7]  -0.4747 -0.158986 -0.0039847  0.14680  0.44008
eta[2,7]  -0.2748  0.025835  0.1827646  0.34315  0.69344
eta[3,7]  -0.6619 -0.310351 -0.1445475  0.01670  0.32693
eta[4,7]  -0.8103 -0.479040 -0.3251353 -0.17731  0.11067
eta[5,7]  -0.3191 -0.015946  0.1383831  0.29993  0.63120
eta[1,8]  -0.3702 -0.071812  0.0773606  0.22919  0.54551
eta[2,8]  -0.5555 -0.206399 -0.0440354  0.11191  0.41031
eta[3,8]  -0.3608 -0.059210  0.1049959  0.27969  0.65848
eta[4,8]  -0.6517 -0.353067 -0.2033757 -0.05143  0.25953
eta[5,8]  -0.4377 -0.113999  0.0432869  0.19966  0.51960
eta[1,9]  -0.3260 -0.029568  0.1203325  0.27584  0.60202
eta[2,9]  -0.4882 -0.158764 -0.0001299  0.15462  0.46210
eta[3,9]  -0.8812 -0.478137 -0.2954101 -0.12635  0.17517
eta[4,9]  -0.6484 -0.353249 -0.2022341 -0.05079  0.25330
eta[5,9]  -0.3222 -0.019319  0.1380830  0.29715  0.63169
eta[1,10] -0.2807  0.008521  0.1594075  0.31781  0.65149
eta[2,10] -0.1367  0.154942  0.3189235  0.49993  0.91062
eta[3,10] -0.5292 -0.206443 -0.0424861  0.12296  0.45402
eta[4,10] -0.7007 -0.390473 -0.2409468 -0.09255  0.20757
eta[5,10] -0.3232 -0.020765  0.1355140  0.29455  0.63068
mu[1]     -0.2328 -0.043855  0.0532982  0.15013  0.33786
mu[2]     -0.2240 -0.030114  0.0690845  0.16751  0.36239
mu[3]     -0.3799 -0.170663 -0.0688476  0.03386  0.24054
mu[4]     -0.5180 -0.328140 -0.2323028 -0.13653  0.05262
mu[5]     -0.2295 -0.030484  0.0681103  0.16713  0.36886
tau[1]     4.4263 10.805367 16.7067376 25.20210 49.96791
tau[2]     3.5993  9.225070 14.6317351 22.49547 46.91983
tau[3]     2.8710  7.470397 12.1191034 19.28118 42.13783
tau[4]     4.6978 11.446335 17.4857880 26.02343 51.23190
tau[5]     3.5557  8.951192 14.1895107 21.91636 45.57875

